# %YAML:1.0
# ---
image_width: 640
image_height: 480
camera_matrix: # !!opencv-matrix
   rows: 3
   cols: 3
   dt: d
   data: [ 620.9823608398438, 0.0, 321.4024353027344, 0.0, 621.0851440429688, 244.55812072753906, 0.0, 0.0, 1.0 ]
distortion_coefficients: #  !!opencv-matrix
   rows: 5
   cols: 1
   dt: d
   data: [ 0.0, 0.0, 0.0, 0.0, 0.0 ]
